Counting cache functions... Output every 1 seconds.
    HITS   MISSES  DIRTIES    RATIO   BUFFERS_MB   CACHE_MB  DEBUG
    1590        0    10012   100.0%          174      34202  (11602 10012 9975 9975)
    1904        5    40830    99.7%          174      34364  (42739 40830 40678 40673)
    1647        2    12392    99.9%          174      34416  (14041 12392 12345 12343)
    1743        7    25485    99.6%          174      34521  (27235 25485 25391 25384)
    1725        2     6010    99.9%          174      34549  (7737 6010 5982 5980)
    1610        3     7969    99.8%          174      34580  (9582 7969 7932 7929)
    1846        6    37765    99.7%          174      34728  (39617 37765 37626 37620)
    1759        6    26780    99.7%          174      34836  (28545 26780 26681 26675)
    1671        5    16204    99.7%          174      34903  (17880 16204 16145 16140)
    1703        1     7371    99.9%          174      34935  (9075 7371 7341 7340)
    2551        0     3130   100.0%          174      34947  (5681 3130 3084 3093)
    1808        3    34902    99.8%          174      35084  (36713 34902 34771 34768)
    1773        7    26826    99.6%          174      35193  (28606 26826 26730 26723)
    1725        5    21004    99.7%          174      35278  (22734 21004 20926 20921)
    3040        0    10806   100.0%          174      35322  (13846 10806 10729 10734)
    1573        0     7444   100.0%          174      35351  (9017 7444 7416 7416)
    1890        8    38325    99.6%          174      35501  (40223 38325 38186 38178)
    1716        3    18931    99.8%          174      35576  (20650 18931 18861 18858)
    1687        4    21718    99.8%          174      35663  (23409 21718 21636 21632)
    1648        2    11782    99.9%          174      35708  (13432 11782 11736 11734)
    2553        0     2871   100.0%          174      35718  (5424 2871 2829 2831)
    1826        3    35422    99.8%          174      35859  (37251 35422 35289 35286)
    1769        6    28395    99.7%          174      35976  (30170 28395 28290 28284)
    1659        5    13875    99.7%          174      36031  (15539 13875 13825 13820)
    1640        2    14783    99.9%          174      36087  (16425 14783 14726 14724)
    2539        0     1548   100.0%          174      36095  (4087 1548 1514 1516)
    1710        3    23357    99.8%          174      36185  (25070 23357 23271 23268)
    1843        5    33638    99.7%          174      36319  (35486 33638 33514 33509)
    1657        5    18039    99.7%          174      36393  (19701 18039 17973 17968)
    1738        2    19766    99.9%          174      36475  (21506 19766 19688 19686)
    2555        0     1400   100.0%          174      36482  (3955 1400 1366 1377)
    1727        4    26684    99.8%          174      36585  (28415 26684 26586 26582)
    1819        6    31057    99.7%          174      36710  (32882 31057 30945 30939)
    1739        5    23247    99.7%          174      36806  (24991 23247 23160 23155)
    1675        3    15673    99.8%          174      36868  (17351 15673 15613 15610)
    2529        0       92   100.0%          174      36868  (2621 92 59 61)
    1731        2    23903    99.9%          174      36958  (25636 23903 23817 23815)
    1787        4    31089    99.8%          174      37087  (32880 31089 30974 30970)
    1693        7    18817    99.6%          174      37161  (20517 18817 18749 18742)
    1743        3    21424    99.8%          174      37247  (23170 21424 21341 21338)
    2546        0     1885   100.0%          174      37256  (4431 1885 1847 1851)
    1743        4    25921    99.8%          174      37358  (27668 25921 25826 25822)
    1788        8    29036    99.6%          174      37474  (30832 29036 28933 28925)
    1700        5    22621    99.7%          175      37566  (24326 22621 22537 22532)
    1703        3    17567    99.8%          175      37635  (19273 17567 17499 17496)
    2569        0     2146   100.0%          175      37644  (4715 2146 2105 2105)
    1793        0    28486   100.0%          175      37755  (30279 28486 28378 28378)
    1853        6    32414    99.7%          175      37889  (34273 32414 32294 32288)
    1696        5    17574    99.7%          175      37957  (19275 17574 17510 17505)
    1732        6    16398    99.7%          175      38025  (18136 16398 16337 16331)
    2522        0     1325   100.0%          175      38030  (3847 1325 1294 1295)
    1780        4    31054    99.8%          175      38152  (32838 31054 30940 30936)
    1811        4    28119    99.8%          175      38266  (29934 28119 28014 28010)
    1776        7    22090    99.6%          175      38358  (23873 22090 22010 22003)
    1658        4    13457    99.8%          175      38412  (15119 13457 13406 13402)
    2559        0     3384   100.0%          175      38424  (5943 3384 3340 3346)
    1780        3    31822    99.8%          175      38549  (33605 31822 31703 31700)
    1848        6    29154    99.7%          175      38668  (31008 29154 29050 29044)
    1727        2    18634    99.9%          175      38742  (20363 18634 18562 18560)
    1700        5    13828    99.7%          175      38798  (15533 13828 13777 13772)
    2578        0     3892   100.0%          175      38813  (6470 3892 3851 3852)
    1852        3    35927    99.8%          175      38955  (37782 35927 35792 35789)
    1800        7    30376    99.6%          175      39079  (32183 30376 30264 30257)
    1705        6    20431    99.6%          175      39160  (22142 20431 20356 20350)
    1721        0     5944   100.0%          175      39185  (7665 5944 5915 5918)
    2425        0     5359   100.0%          175      39204  (7784 5359 5320 5327)
    1868        6    38990    99.7%          175      39359  (40864 38990 38847 38841)
    1724        5    25361    99.7%          175      39461  (27090 25361 25267 25262)
    1590        1     9178    99.9%          175      39497  (10769 9178 9143 9142)
    1666        6    13495    99.6%          175      39554  (15167 13495 13447 13441)
    2565        0     3973   100.0%          175      39571  (6538 3973 3925 3929)
    1622        0    13348   100.0%          175      39622  (14970 13348 13298 13298)
    1900        5    38574    99.7%          175      39776  (40479 38574 38431 38426)
    1652        5    14964    99.7%          175      39836  (16621 14964 14910 14905)
    1720        7    21448    99.6%          175      39923  (23175 21448 21370 21363)
    1580        0     8070   100.0%          175      39958  (9650 8070 8037 8037)
    2581        0     7228   100.0%          175      39985  (9809 7228 7172 7175)
    1893        6    40330    99.7%          175      40145  (42229 40330 40181 40175)
    1726        4    21973    99.8%          175      40235  (23703 21973 21892 21888)
    1680        6    19680    99.6%          175      40311  (21366 19680 19608 19602)
    2627        0     7631   100.0%          175      40344  (10258 7631 7570 7571)
    1609        0    10264   100.0%          175      40383  (11873 10264 10226 10226)
    1883        6    40849    99.7%          175      40545  (42738 40849 40697 40691)
    1698        4    19972    99.8%          175      40628  (21674 19972 19898 19894)
    1882        8    21790    99.6%          175      40715  (23680 21790 21707 21699)
    2474        0     3218   100.0%          175      40729  (5692 3218 3180 3182)
    1683        3    21254    99.8%          175      40810  (22940 21254 21179 21176)
    1858        6    37054    99.7%          175      40957  (38918 37054 36916 36910)
    1659        1    15693    99.9%          175      41022  (17353 15693 15632 15631)
    1716        7    18069    99.6%          175      41097  (19792 18069 18004 17997)
    2581        0     4569   100.0%          175      41115  (7150 4569 4519 4522)
    1665        6    18223    99.6%          175      41185  (19894 18223 18160 18154)
    1844        5    33961    99.7%          175      41323  (35810 33961 33836 33831)
    1711        3    18500    99.8%          175      41397  (20214 18500 18430 18427)
    1681        6    17099    99.6%          175      41465  (18786 17099 17037 17031)
    1591        1     9534    99.9%          175      41502  (11126 9534 9496 9495)
    1569        3     6173    99.8%          175      41525  (7745 6173 6143 6140)
    1795        3    31828    99.8%          175      41652  (33626 31828 31710 31707)
    1745        8    26514    99.5%          175      41755  (28267 26514 26419 26411)
    1699        6    20752    99.6%          176      41839  (22457 20752 20676 20670)
    2669        0    11657   100.0%          176      41889  (14326 11657 11577 11591)
    1592        3     9240    99.8%          176      41924  (10835 9240 9208 9205)
    1863        5    39478    99.7%          176      42081  (41346 39478 39332 39327)
    1694        2    17154    99.9%          176      42148  (18850 17154 17089 17087)
    1653        4    16960    99.8%          176      42214  (18617 16960 16897 16893)
    1678        3    15516    99.8%          176      42275  (17197 15516 15456 15453)
    2529        0     2096   100.0%          176      42283  (4625 2096 2061 2062)
    1788        1    30613    99.9%          176      42403  (32402 30613 30501 30500)
    1852        7    33475    99.6%          176      42540  (35334 33475 33352 33345)
    1729        6    20963    99.7%          176      42625  (22698 20963 20886 20880)
    1749        0     9546   100.0%          176      42662  (11295 9546 9502 9503)
    1595        7     7715    99.6%          176      42692  (9317 7715 7683 7676)
    2647        5    40369    99.8%          176      42851  (43021 40369 40219 40214)
    1671        2    17020    99.9%          176      42920  (18693 17020 16956 16954)
    1762        7    24129    99.6%          176      43013  (25898 24129 24041 24034)
    1597        0     8010   100.0%          176      43049  (9607 8010 7976 7976)
    1585       11     5930    99.3%          176      43070  (7526 5930 5899 5888)
    1848        5    34941    99.7%          176      43207  (36794 34941 34811 34806)
    1718        2    21597    99.9%          176      43295  (23317 21597 21516 21514)
    1701        4    20106    99.8%          176      43374  (21811 20106 20030 20026)
    2738        0    14286   100.0%          176      43434  (17024 14286 14214 14214)
    1593        3     8221    99.8%          176      43465  (9817 8221 8188 8185)
    1882        6    40596    99.7%          176      43626  (42484 40596 40447 40441)
    1669        5    15950    99.7%          176      43690  (17624 15950 15893 15888)
    1716        3    20869    99.8%          176      43773  (22588 20869 20789 20786)
    2687        0    11464   100.0%          176      43820  (14151 11464 11396 11396)
    2326        0     7465   100.0%          176      43849  (9791 7465 7439 7439)
    1850        5    36094    99.7%          176      43991  (37949 36094 35961 35956)
    1706        5    16861    99.7%          176      44057  (18572 16861 16800 16795)
    1731        3    26011    99.8%          176      44161  (27745 26011 25911 25908)
    2661        0    11037   100.0%          176      44206  (13698 11037 10974 10974)
    1561        2     6675    99.9%          176      44232  (8238 6675 6651 6649)
    1862        5    38575    99.7%          176      44383  (40442 38575 38432 38427)
    1710        6    20212    99.7%          176      44464  (21928 20212 20140 20134)
    1717        2    19804    99.9%          176      44541  (21523 19804 19727 19725)
    2673        0    12258   100.0%          176      44593  (14931 12258 12183 12191)
    1606        0    11980   100.0%          176      44638  (13586 11980 11938 11939)
    1826        2    34456    99.9%          176      44775  (36284 34456 34327 34325)
    1725        5    21294    99.7%          176      44863  (23024 21294 21217 21212)
    1685        4    17074    99.8%          176      44931  (18763 17074 17011 17007)
    1686        7    12064    99.6%          176      44979  (13757 12064 12021 12014)
    2565        0     4921   100.0%          176      44998  (7486 4921 4874 4876)
    1843        4    35237    99.8%          176      45137  (37084 35237 35105 35101)
    1765        6    26714    99.7%          176      45247  (28485 26714 26617 26611)
    1699        2    17416    99.9%          176      45316  (19117 17416 17349 17347)
    2688        0    11832   100.0%          176      45366  (14520 11832 11756 11757)
    1580        1     8182    99.9%          176      45396  (9763 8182 8155 8154)
    1918        4    41548    99.8%          176      45562  (43470 41548 41395 41391)
    1658        5    15215    99.7%          176      45625  (16878 15215 15160 15155)
    1730        6    21971    99.7%          176      45710  (23707 21971 21890 21884)
    5393        0    10336   100.0%          176      45752  (15729 10336 10257 10306)
    1581        0     8727   100.0%          176      45786  (10308 8727 8694 8694)
    1891        5    41908    99.7%          176      45952  (43804 41908 41752 41747)
    1659        5    14388    99.7%          176      46012  (16052 14388 14337 14332)
    1723        6    23305    99.7%          176      46102  (25034 23305 23219 23213)
    1747        1     9418    99.9%          177      46139  (11166 9418 9369 9368)
    2467        0     3960   100.0%          177      46154  (6427 3960 3922 3927)
    1842        3    35966    99.8%          177      46295  (37811 35966 35834 35831)
    1741        6    23703    99.7%          177      46396  (25450 23703 23616 23610)
    1729        4    16194    99.8%          177      46460  (17927 16194 16134 16130)
    1727        3    16443    99.8%          177      46525  (18173 16443 16379 16376)
    2567        0     4671   100.0%          177      46542  (7238 4671 4620 4622)
    1785        3    29508    99.8%          177      46660  (31296 29508 29399 29396)
    1717        6    21083    99.7%          177      46744  (22806 21083 21007 21001)
    1748       10    24984    99.4%          177      46845  (26742 24984 24895 24885)
    1672        1    16605    99.9%          177      46911  (18278 16605 16538 16537)
    2549        0     1333   100.0%          177      46915  (3882 1333 1297 1299)
    1767        4    29769    99.8%          177      47031  (31540 29769 29661 29657)
    1807        5    31639    99.7%          177      47161  (33451 31639 31522 31517)
    1660        5    13770    99.7%          177      47214  (15435 13770 13721 13716)
    1739        3    20808    99.8%          177      47296  (22550 20808 20727 20724)
    2556        0     2615   100.0%          177      47306  (5171 2615 2573 2585)
    1808        3    35160    99.8%          177      47446  (36971 35160 35028 35025)
    1799        7    27364    99.6%          177      47557  (29170 27364 27265 27258)
    1689        3    18712    99.8%          177      47633  (20404 18712 18642 18639)
    1669        3    12295    99.8%          177      47683  (13967 12295 12248 12245)
    2573        0     2102   100.0%          177      47691  (4675 2102 2062 2066)
    1816        3    34652    99.8%          177      47827  (36471 34652 34523 34520)
    1782        8    29155    99.6%          177      47944  (30945 29155 29050 29042)
    1664        4    16697    99.8%          177      48014  (18365 16697 16635 16631)
    1677        3    13899    99.8%          177      48068  (15579 13899 13846 13843)
    2551        0     1846   100.0%          177      48076  (4397 1846 1806 1811)
    1819        3    33881    99.8%          177      48209  (35703 33881 33755 33752)
    1726        6    20033    99.7%          177      48293  (21765 20033 19962 19956)
    1706        5    22034    99.7%          177      48382  (23745 22034 21952 21947)
    1683        4    15811    99.8%          177      48445  (17498 15811 15752 15748)
    2598        0     2255   100.0%          177      48456  (4853 2255 2216 2217)
    1727        3    24898    99.8%          177      48553  (26628 24898 24806 24803)
    1843        8    35822    99.6%          177      48697  (37673 35822 35692 35684)
    1641        7    15472    99.6%          177      48762  (17120 15472 15418 15411)
    1714        3    19638    99.8%          177      48841  (21355 19638 19563 19560)
    2570        0      896   100.0%          177      48845  (3466 896 860 864)
    1745        4    26182    99.8%          177      48946  (27931 26182 26086 26082)
    1861        6    37272    99.7%          177      49098  (39139 37272 37135 37129)
    1649        4    14897    99.8%          177      49157  (16550 14897 14842 14838)
    1693        3    18260    99.8%          177      49230  (19956 18260 18189 18186)
    2563        0     4159   100.0%          177      49245  (6722 4159 4112 4112)
    1858        4    38487    99.8%          177      49396  (40349 38487 38344 38340)
    1769        2    24563    99.9%          177      49498  (26334 24563 24469 24467)
    1694        6    16125    99.6%          177      49560  (17825 16125 16067 16061)
    1659        2    13834    99.9%          177      49614  (15495 13834 13780 13778)
    2529        0      301   100.0%          177      49616  (2830 301 272 274)
    1753        1    26942    99.9%          177      49721  (28696 26942 26840 26839)
    1836        6    32172    99.7%          177      49851  (34014 32172 32052 32046)
    1706        4    20484    99.8%          177      49937  (22194 20484 20407 20403)
    1688        6    16194    99.6%          177      50001  (17888 16194 16134 16128)
    2595        0     2875   100.0%          177      50010  (5470 2875 2829 2843)
    1837        4    35157    99.8%          177      50150  (36998 35157 35026 35022)
    1669        1    16116    99.9%          177      50218  (17786 16116 16054 16053)
    1689        6    23285    99.6%          177      50309  (24980 23285 23199 23193)
    1671        2    14153    99.9%          177      50367  (15826 14153 14101 14099)
    2583        0     4453   100.0%          178      50387  (7036 4453 4405 4406)
    1674        1    16940    99.9%          178      50453  (18615 16940 16878 16877)
    1836        6    33185    99.7%          178      50584  (35027 33185 33064 33058)
    1718        9    21834    99.5%          178      50671  (23561 21834 21757 21748)
    1681        3    17411    99.8%          178      50745  (19095 17411 17345 17342)
    2650        0     6965   100.0%          178      50774  (9615 6965 6904 6907)
    1588        0     9241   100.0%          178      50809  (10829 9241 9207 9207)
    1901        5    40893    99.7%          178      50972  (42799 40893 40741 40736)
    1660        6    15737    99.6%          178      51036  (17403 15737 15681 15675)
    1779        6    23460    99.7%          178      51130  (25245 23460 23373 23367)
    2602        0     7275   100.0%          178      51161  (9877 7275 7212 7213)
    1660        0    16167   100.0%          178      51223  (17827 16167 16107 16107)
    1842        5    35241    99.7%          178      51365  (37088 35241 35111 35106)
    1672        5    17988    99.7%          178      51436  (19665 17988 17922 17917)
    1749        7    23399    99.6%          178      51528  (25155 23399 23313 23306)
    2560        0     4315   100.0%          178      51547  (6875 4315 4266 4268)
    1612        1    11036    99.9%          178      51590  (12649 11036 10996 10995)
    1933        5    40108    99.7%          178      51748  (42046 40108 39958 39953)
    1661        5    16707    99.7%          178      51818  (18373 16707 16646 16641)
    1734        6    22251    99.7%          178      51905  (23991 22251 22169 22163)
    2596        0     6874   100.0%          178      51934  (9470 6874 6816 6817)
    1638        0    12578   100.0%          178      51981  (14216 12578 12531 12531)
    1858        2    36716    99.9%          178      52128  (38576 36716 36578 36576)
    1788        7    26960    99.6%          178      52235  (28755 26960 26861 26854)
    1656        6    14318    99.6%          178      52292  (15980 14318 14267 14261)
    2591        0     6352   100.0%          178      52320  (8943 6352 6295 6308)
    1684        1    14112    99.9%          178      52375  (15797 14112 14060 14059)
    1891       11    38024    99.4%          178      52526  (39926 38024 37889 37878)
    1663        2    17150    99.9%          178      52596  (18815 17150 17084 17082)
    1732        7    20499    99.6%          178      52677  (22238 20499 20424 20417)
    2611        0     6829   100.0%          178      52706  (9440 6829 6764 6767)
    1677        3    18475    99.8%          178      52777  (20155 18475 18409 18406)
    1912        4    37679    99.8%          178      52930  (39595 37679 37539 37535)
    1674        2    16610    99.9%          178      52995  (18286 16610 16546 16544)
    1723        7    21142    99.6%          178      53079  (22872 21142 21066 21059)
    2554        0     2717   100.0%          178      53092  (5271 2717 2674 2676)
    1696        3    21553    99.8%          178      53175  (23252 21553 21475 21472)
    1854        7    37050    99.6%          178      53323  (38911 37050 36914 36907)
    1680        2    16470    99.9%          178      53390  (18152 16470 16407 16405)
    1697        6    18377    99.6%          178      53467  (20080 18377 18310 18304)
    2572        0     3552   100.0%          178      53483  (6124 3552 3503 3505)
    1789        3    30798    99.8%          178      53603  (32590 30798 30684 30681)
    1729        5    23371    99.7%          178      53701  (25105 23371 23286 23281)
    1703        6    21270    99.6%          178      53784  (22979 21270 21192 21186)
    1722        3    19748    99.8%          178      53863  (21473 19748 19672 19669)
    2540        0     1468   100.0%          178      53870  (4008 1468 1432 1434)
    1827        3    31055    99.8%          178      53990  (32885 31055 30940 30937)
    1794        6    25947    99.7%          178      54098  (27747 25947 25853 25847)
    1713        4    23913    99.8%          178      54194  (25630 23913 23822 23818)
    1672        3    14617    99.8%          178      54252  (16292 14617 14561 14558)
    2601        0     5191   100.0%          178      54271  (7792 5191 5134 5137)
    1866       10    37162    99.5%          178      54418  (39038 37162 37030 37020)
    1697        2    17667    99.9%          178      54492  (19366 17667 17600 17598)
    1718        6    22358    99.7%          178      54581  (24082 22358 22276 22270)
    1681        1    13838    99.9%          178      54638  (15520 13838 13783 13782)
    2536        0     1845   100.0%          179      54645  (4381 1845 1806 1809)
    1843        3    34395    99.8%          179      54780  (36241 34395 34267 34264)
    1754        7    25823    99.6%          179      54886  (27584 25823 25729 25722)
    1608        3    13936    99.8%          179      54945  (15547 13936 13884 13881)
    1726        4    19010    99.8%          179      55024  (20740 19010 18938 18934)
    2535        0     1843   100.0%          179      55032  (4378 1843 1806 1819)
    1832        4    31307    99.8%          179      55155  (33143 31307 31193 31189)
    1766        5    23683    99.7%          179      55248  (25454 23683 23597 23592)
    1741        6    21058    99.7%          179      55332  (22805 21058 20981 20975)
    1725        3    19851    99.8%          179      55411  (21579 19851 19773 19770)
    2523        0      563   100.0%          179      55413  (3086 563 527 530)
    1750        3    26255    99.8%          179      55516  (28008 26255 26160 26157)
    1782        5    26640    99.7%          179      55625  (28427 26640 26543 26538)
    1770        5    27032    99.7%          179      55733  (28807 27032 26930 26925)
    1698        6    15685    99.6%          179      55797  (17389 15685 15627 15621)
    2574        0     3382   100.0%          179      55809  (5956 3382 3339 3344)
    1882        4    36178    99.8%          179      55951  (38064 36178 36043 36039)
    1756        7    26530    99.6%          179      56062  (28293 26530 26433 26426)
    1711        3    19851    99.8%          179      56140  (21565 19851 19775 19772)
    2691        2    10723    99.9%          179      56183  (13416 10723 10645 10643)
    1601        0    11031   100.0%          179      56226  (12632 11031 10990 10990)
    1906        8    40598    99.6%          179      56386  (42512 40598 40450 40442)
    1665        5    16900    99.7%          179      56455  (18570 16900 16838 16833)
    1731        3    23393    99.8%          179      56549  (25127 23393 23303 23300)
    2580        3     4828    99.9%          179      56569  (7411 4828 4780 4777)
    1698        0    21304   100.0%          179      56650  (23002 21304 21224 21224)
    1859        5    32470    99.7%          179      56783  (34334 32470 32351 32346)
    1726        5    22548    99.7%          179      56871  (24279 22548 22464 22459)
    1698        6    16842    99.6%          179      56937  (18546 16842 16781 16775)
    2571        0     4573   100.0%          179      56956  (7144 4573 4518 4524)
    1637        0    14376   100.0%          179      57012  (16013 14376 14322 14322)
    1893        5    37296    99.7%          179      57158  (39194 37296 37158 37153)
    1659        5    16707    99.7%          179      57228  (18371 16707 16646 16641)
    1731        7    22026    99.6%          179      57314  (23764 22026 21946 21939)
    2883        0     6198   100.0%          179      57342  (9081 6198 6138 6140)
    2204        0    16170   100.0%          179      57405  (18374 16170 16110 16110)
    1869        5    39545    99.7%          179      57562  (41419 39545 39398 39393)
    1660        5    15739    99.7%          179      57625  (17404 15739 15682 15677)
    1711        7    18520    99.6%          179      57698  (20238 18520 18453 18446)
    2616        0     7393   100.0%          179      57729  (10009 7393 7332 7343)
    1657        1    16681    99.9%          179      57792  (18339 16681 16619 16618)
    1853        9    36774    99.5%          179      57941  (38636 36774 36642 36633)
    1653        1    17843    99.9%          179      58013  (19497 17843 17774 17773)
    1747        6    20031    99.7%          179      58098  (21784 20031 19957 19951)
    2618        0     4568   100.0%          179      58116  (7186 4568 4518 4521)
    1725        6    23863    99.7%          179      58208  (25594 23863 23779 23773)
    1821        5    33122    99.7%          179      58342  (34948 33122 33000 32995)
    1694        3    18429    99.8%          179      58414  (20126 18429 18359 18356)
    1755        6    21884    99.7%          179      58501  (23645 21884 21802 21796)
    2560        0     2613   100.0%          179      58512  (5173 2613 2573 2577)
    1780        4    31230    99.8%          179      58635  (33014 31230 31115 31111)
    1740        5    21851    99.7%          179      58721  (23596 21851 21772 21767)
    1736        4    24730    99.8%          179      58821  (26470 24730 24637 24633)
    1699        4    16886    99.8%          179      58888  (18589 16886 16820 16816)
    2522        0     1593   100.0%          179      58894  (4115 1593 1550 1553)
    1807        3    31409    99.8%          179      59016  (33219 31409 31294 31291)
    1825        7    32424    99.6%          180      59149  (34256 32424 32305 32298)
    1747        6    21904    99.7%          180      59237  (23657 21904 21823 21817)
    1597        1     9397    99.9%          180      59274  (10995 9397 9353 9352)
    2466        4     6346    99.8%          180      59296  (8816 6346 6313 6309)
    1883        5    38198    99.7%          180      59448  (40086 38198 38057 38052)
    1663        5    16353    99.7%          180      59516  (18021 16353 16294 16289)
    1735        6    24268    99.7%          180      59617  (26009 24268 24178 24172)
    1668        1    10769    99.9%          180      59660  (12438 10769 10726 10725)
    2585        0     3642   100.0%          180      59674  (6227 3642 3596 3598)
    1810        2    36046    99.9%          180      59816  (37858 36046 35910 35908)
    1755        7    25318    99.6%          180      59920  (27080 25318 25226 25219)
    1664        4    15425    99.8%          180      59982  (17093 15425 15368 15364)
    1691        3    16542    99.8%          180      60047  (18236 16542 16478 16475)
    2573        0     3381   100.0%          180      60059  (5954 3381 3341 3352)
    1867        7    35422    99.6%          180      60199  (37296 35422 35293 35286)
    1697        3    16762    99.8%          180      60266  (18462 16762 16701 16698)
    1739        5    23721    99.7%          180      60367  (25465 23721 23632 23627)
    1706        3    16289    99.8%          180      60434  (17998 16289 16226 16223)
    2583        0     6724   100.0%          180      60458  (9307 6724 6664 6669)
    1907        4    41641    99.8%          180      60622  (43552 41641 41489 41485)
    1692        2    16762    99.9%          180      60693  (18456 16762 16699 16697)
    1706        6    20298    99.6%          180      60777  (22010 20298 20224 20218)
    2663        0    11198   100.0%          180      60820  (13861 11198 11129 11132)
    1605        3     9755    99.8%          180      60858  (11363 9755 9721 9718)
    1892        5    40117    99.7%          180      61017  (42014 40117 39968 39963)
    1672        2    17532    99.9%          180      61088  (19206 17532 17465 17463)
    1714        6    18930    99.7%          180      61162  (20650 18930 18861 18855)
    2647        0    11320   100.0%          180      61207  (13967 11320 11241 11246)
    1577        6     6677    99.6%          180      61233  (8260 6677 6656 6650)
    1806        3    32274    99.8%          180      61360  (34083 32274 32154 32151)
    1759        3    25220    99.8%          180      61461  (26982 25220 25125 25122)
    1712        7    18284    99.6%          180      61534  (20003 18284 18219 18212)
    1673        4    14570    99.8%          180      61593  (16247 14570 14514 14510)
    2556        0     2366   100.0%          180      61601  (4922 2366 2319 2323)
    1831        2    33460    99.9%          180      61731  (35293 33460 33337 33335)
    1785        3    29096    99.8%          180      61852  (30884 29096 28986 28983)
    1620        5    13675    99.7%          180      61905  (15300 13675 13626 13621)
    1667        3    14894    99.8%          180      61964  (16564 14894 14838 14835)
    2581        4     3535    99.8%          180      61979  (6120 3535 3493 3489)
    1688        1    18476    99.9%          180      62051  (20165 18476 18408 18407)
    1864        5    36391    99.7%          180      62197  (38260 36391 36256 36251)
    1668        5    17636    99.7%          180      62266  (19309 17636 17571 17566)
    1751        7    20624    99.6%          180      62349  (22382 20624 20549 20542)
    2687        0     3482   100.0%          180      62365  (6169 3482 3430 3445)
    1658        0    14583   100.0%          180      62421  (16241 14583 14531 14532)
    1855        5    36489    99.7%          180      62566  (38349 36489 36354 36349)
    1670        5    16728    99.7%          180      62633  (18403 16728 16667 16662)
    1688        4    16323    99.8%          180      62696  (18015 16323 16262 16258)
    2648        0    14134   100.0%          180      62751  (16782 14134 14055 14056)
    1606        0     7959   100.0%          180      62782  (9565 7959 7928 7928)
    1887        6    41917    99.7%          180      62947  (43810 41917 41762 41756)
    1664        5    15989    99.7%          180      63010  (17658 15989 15932 15927)
    1722        3    22238    99.8%          180      63097  (23963 22238 22153 22150)
    2660        1     9788   100.0%          180      63138  (12449 9788 9718 9717)
    1607        0    11294   100.0%          180      63181  (12901 11294 11252 11252)
    1885        4    38329    99.8%          180      63333  (40218 38329 38186 38182)
    1667        5    16254    99.7%          180      63401  (17926 16254 16195 16190)
    1734        5    22236    99.7%          181      63490  (23975 22236 22153 22148)
    2624        0     8762   100.0%          181      63525  (11386 8762 8696 8697)
    1618        0    12578   100.0%          181      63573  (14196 12578 12531 12531)
    1859        5    37159    99.7%          181      63721  (39023 37159 37022 37017)
    1678        5    18128    99.7%          181      63793  (19811 18128 18061 18056)
    1760       10    20495    99.4%          181      63872  (22265 20495 20424 20414)
    2617        0     9527   100.0%          181      63911  (12144 9527 9456 9458)
    1620        1    10861    99.9%          181      63953  (12482 10861 10824 10823)
    1858        4    34587    99.8%          181      64090  (36449 34587 34459 34455)
    1732        4    24754    99.8%          181      64193  (26490 24754 24661 24657)
    1733        7    21003    99.6%          181      64276  (22743 21003 20927 20920)
    2606        0     4912   100.0%          181      64298  (7518 4912 4856 4858)
    1675        3    20528    99.8%          181      64376  (22206 20528 20454 20451)
    1809        4    28932    99.8%          181      64493  (30745 28932 28826 28822)
    1700        3    19129    99.8%          181      64567  (20832 19129 19056 19053)
    1736        7    23777    99.6%          181      64660  (25520 23777 23690 23683)
    2596        0     5083   100.0%          181      64684  (7679 5083 5032 5033)
    1646        1    14886    99.9%          181      64742  (16533 14886 14831 14830)
    1868        5    40073    99.7%          181      64901  (41946 40073 39924 39919)
    1756        6    25233    99.7%          181      65002  (26995 25233 25139 25133)
    2697        0    16824   100.0%          181      65070  (19521 16824 16728 16743)
    1572        0     7954   100.0%          181      65101  (9526 7954 7923 7923)
    1900        8    42386    99.6%          181      65265  (44294 42386 42231 42223)
    2596        5    29201    99.8%          181      65384  (31802 29201 29092 29087)
    1694        3    16651    99.8%          181      65450  (18348 16651 16587 16584)
    2558        0     1897   100.0%          181      65458  (4455 1897 1861 1862)
    1720        3    23350    99.8%          181      65550  (25073 23350 23264 23261)
    1918        8    41498    99.6%          181      65714  (43424 41498 41349 41341)
    1748        9    24503    99.5%          181      65812  (26260 24503 24415 24406)
    2602        0     6712   100.0%          181      65842  (9314 6712 6646 6651)
    1723        2    23100    99.9%          181      65932  (24825 23100 23016 23014)
    1899        7    40211    99.6%          181      66092  (42117 40211 40065 40058)
    1699        5    21067    99.7%          181      66180  (22771 21067 20989 20984)
    2692        0    12493   100.0%          181      66229  (15185 12493 12411 12414)
    1615        3    11293    99.8%          181      66272  (12911 11293 11254 11251)
    1927        6    42891    99.7%          181      66443  (44824 42891 42732 42726)
    1771        6    26340    99.7%          181      66547  (28117 26340 26242 26236)
    2741        1    17104   100.0%          181      66616  (19846 17104 17006 17005)
    1595        3     9238    99.8%          181      66651  (10836 9238 9207 9204)
    1913        5    42893    99.7%          181      66820  (44811 42893 42733 42728)
    1705        5    21380    99.7%          181      66904  (23090 21380 21301 21296)
    1754        3    23995    99.8%          181      67000  (25752 23995 23902 23899)
    2550        0     2695   100.0%          181      67011  (5245 2695 2655 2656)
    1843        4    36957    99.8%          181      67156  (38804 36957 36820 36816)
    1837        6    32608    99.7%          181      67291  (34451 32608 32487 32481)
    1738        3    20510    99.8%          181      67376  (22251 20510 20431 20428)
    2581        0     3030   100.0%          181      67389  (5611 3030 2986 2987)
    1725        2    23964    99.9%          181      67484  (25691 23964 23880 23878)
    1902        7    36906    99.6%          181      67631  (38815 36906 36772 36765)
    1931       10    27817    99.5%          182      67744  (29758 27817 27711 27701)
    2462        0     7067   100.0%          182      67775  (9529 7067 7017 7023)
    1718        0    23350   100.0%          182      67865  (25068 23350 23262 23262)
    1915       10    40116    99.5%          182      68026  (42041 40116 39971 39961)
    1688        1    19085    99.9%          182      68103  (20774 19085 19010 19009)
    2698        0    14150   100.0%          182      68161  (16848 14150 14068 14068)
    1641        0    11033   100.0%          182      68203  (12674 11033 10992 10992)
    1946        5    43071    99.7%          182      68374  (45022 43071 42909 42904)
    1775        6    27441    99.7%          182      68483  (29222 27441 27338 27332)
    2698        2    15587    99.9%          182      68546  (18287 15587 15496 15494)
    1605        0     9492   100.0%          182      68583  (11097 9492 9457 9457)
    1927        4    41612    99.8%          182      68748  (43543 41612 41456 41452)
    1713        6    19910    99.7%          182      68830  (21629 19910 19838 19832)
    4491        0    22588   100.0%          182      68921  (27079 22588 22492 22540)
    2578        0     3983   100.0%          182      68938  (6561 3983 3932 3933)
    1775        2    29350    99.9%          182      69052  (31127 29350 29244 29242)
    1910        9    40535    99.5%          182      69216  (42454 40535 40387 40378)
    1763        6    25133    99.7%          182      69316  (26902 25133 25039 25033)
    2564        0     3211   100.0%          182      69330  (5775 3211 3167 3169)
    1812        2    34395    99.9%          182      69465  (36209 34395 34263 34261)
    1895       11    35665    99.4%          182      69610  (37571 35665 35537 35526)
    1894        7    22321    99.6%          182      69698  (24222 22321 22234 22227)
    2423        0     4735   100.0%          182      69717  (7158 4735 4692 4694)
    1798        3    34132    99.8%          182      69850  (35933 34132 34005 34002)
    1854        8    35923    99.6%          182      69994  (37785 35923 35791 35783)
    1787        6    23602    99.7%          182      70090  (25395 23602 23514 23508)
    2562        0     1150   100.0%          182      70096  (3712 1150 1117 1117)
    1752        3    27716    99.8%          182      70205  (29471 27716 27614 27611)
    1882        7    35620    99.6%          182      70347  (37509 35620 35489 35482)
    1772        6    24722    99.7%          182      70448  (26500 24722 24636 24630)
    2620        0     7470   100.0%          182      70480  (10090 7470 7409 7411)
    1684        3    20785    99.8%          182      70560  (22472 20785 20710 20707)
    1962        7    42993    99.6%          182      70731  (44962 42993 42834 42827)
    1809        6    26187    99.7%          182      70836  (28002 26187 26089 26083)
    2617        0     6812   100.0%          182      70866  (9429 6812 6754 6766)
    1622        1    13347    99.9%          182      70918  (14970 13347 13298 13297)
    1912        8    40843    99.6%          182      71079  (42763 40843 40694 40686)
    1815        6    27465    99.7%          182      71188  (29286 27465 27362 27356)
    2722        1    15216   100.0%          182      71252  (17939 15216 15127 15126)
    1596        0     9751   100.0%          182      71290  (11347 9751 9715 9715)
    1920       11    42930    99.4%          182      71460  (44861 42930 42776 42765)
    1692        3    20547    99.8%          182      71541  (22242 20547 20469 20466)
    1746        6    23117    99.7%          182      71634  (24869 23117 23030 23024)
    2554        0     2660   100.0%          182      71645  (5214 2660 2619 2622)
    1769        4    28997    99.8%          182      71759  (30770 28997 28890 28886)
    1860        6    35776    99.7%          182      71905  (37642 35776 35643 35637)
    1919        6    23840    99.7%          183      72000  (25765 23840 23747 23741)
    3226        4     7529    99.9%          183      72033  (10759 7529 7475 7471)
    1821        4    34650    99.8%          183      72170  (36475 34650 34520 34516)
    1866       10    36435    99.5%          183      72317  (38311 36435 36303 36293)
    1751        3    23340    99.8%          183      72408  (25094 23340 23250 23247)
    2601        0     3533   100.0%          183      72422  (6134 3533 3491 3492)
    4666        0    40636   100.0%          183      72583  (45302 40636 40484 40511)
    1864        7    32619    99.6%          183      72717  (34490 32619 32499 32492)
    1740        3    20142    99.8%          183      72797  (21885 20142 20064 20061)
    2613        1     5180   100.0%          183      72817  (7794 5180 5132 5131)
    1912        6    40791    99.7%          183      72978  (42709 40791 40641 40635)
    1812        6    29247    99.7%          183      73095  (31065 29247 29140 29134)
    1733        0    22135   100.0%          183      73184  (23868 22135 22045 22046)
    2568        0     4668   100.0%          183      73201  (7236 4668 4622 4623)
    1886        5    38140    99.7%          183      73352  (40031 38140 38005 38000)
    1795        5    31238    99.7%          183      73479  (33038 31238 31121 31116)
    1753        7    22648    99.6%          183      73571  (24408 22648 22564 22557)
    2553        0     2357   100.0%          183      73579  (4910 2357 2318 2320)
    1796        4    33363    99.8%          183      73711  (35163 33363 33240 33236)
    1828        7    32303    99.6%          183      73843  (34138 32303 32183 32176)
    1775        2    24772    99.9%          183      73943  (26549 24772 24674 24672)
    2614        0     3740   100.0%          183      73961  (6354 3740 3697 3708)
    1787        3    28993    99.8%          183      74074  (30783 28993 28885 28882)
    1875        7    35764    99.6%          183      74219  (37646 35764 35632 35625)
    1797        4    27032    99.8%          183      74328  (28833 27032 26929 26925)
    2656        6     7849    99.8%          183      74360  (10511 7849 7791 7785)
    1913        6    40839    99.7%          183      74521  (42758 40839 40688 40682)
    1807        6    30125    99.7%          183      74644  (31938 30125 30013 30007)
    1723        6    20983    99.7%          183      74729  (22712 20983 20904 20898)
    2558        0     5178   100.0%          183      74748  (7736 5178 5128 5130)
    1928        3    41072    99.8%          183      74909  (43003 41072 40919 40916)
    1736        6    23377    99.7%          183      75006  (25119 23377 23292 23286)
    1735        6    23395    99.7%          183      75097  (25136 23395 23308 23302)
    2561        0     3803   100.0%          183      75115  (6364 3803 3756 3757)
    1766        6    24640    99.7%          183      75211  (26412 24640 24552 24546)
    1926        8    40131    99.6%          183      75371  (42065 40131 39985 39977)
    1699        5    19667    99.7%          183      75452  (21371 19667 19594 19589)
    2678        0    12348   100.0%          183      75502  (15026 12348 12268 12268)
    1589        0    11037   100.0%          183      75544  (12626 11037 10996 10996)
    1904        8    42114    99.6%          183      75711  (44026 42114 41959 41951)
    1793        3    25310    99.8%          183      75812  (27106 25310 25214 25211)
    2426        2    18544    99.9%          183      75889  (20972 18544 18456 18454)
    1600        2     7715    99.9%          184      75918  (9317 7715 7678 7676)
    1901        5    40993    99.7%          184      76079  (42899 40993 40843 40838)
    1792        6    29872    99.7%          184      76199  (31670 29872 29761 29755)
    2800        2    18911    99.9%          184      76275  (21713 18911 18803 18801)
    1591        1     9489    99.9%          184      76312  (11081 9489 9455 9454)
    1917        9    44454    99.5%          184      76488  (46380 44454 44292 44283)
    1801        6    28780    99.7%          184      76603  (30587 28780 28672 28666)
    2691        0    14395   100.0%          184      76662  (17086 14395 14309 14309)
    1643        1    12317    99.9%          184      76710  (13961 12317 12272 12271)
    1938        8    44123    99.6%          184      76883  (46069 44123 43961 43953)
    1772        6    26152    99.7%          184      76988  (27930 26152 26054 26048)
    2742        0    14814   100.0%          184      77048  (17556 14814 14723 14724)
    1590        7     9492    99.6%          184      77085  (11089 9492 9463 9456)
    1918        5    42646    99.7%          184      77253  (44569 42646 42487 42482)
    1817        7    31192    99.6%          184      77378  (33016 31192 31075 31068)
    2693        0    13290   100.0%          184      77434  (15983 13290 13203 13216)
    1650        3    14113    99.8%          184      77489  (15766 14113 14063 14060)
    1964        5    45765    99.7%          184      77669  (47734 45765 45593 45588)
    1755        7    25495    99.6%          184      77771  (27257 25495 25401 25394)
    2651        0    11493   100.0%          184      77819  (14144 11493 11416 11419)
    1653        3    14368    99.8%          184      77875  (16024 14368 14317 14314)
    1929        7    42361    99.6%          184      78043  (44297 42361 42205 42198)
    1771        5    29040    99.7%          184      78158  (30816 29040 28930 28925)
    2724        0    11330   100.0%          184      78206  (14054 11330 11251 11253)
    1583        3     8727    99.8%          184      78240  (10313 8727 8697 8694)
    1894        5    40631    99.7%          184      78400  (42530 40631 40480 40475)
    1807        6    29680    99.7%          184      78519  (31493 29680 29570 29564)
    1852        0    17720   100.0%          184      78593  (19572 17720 17631 17635)
    1190        6     7199    99.5%          184      78621  (8395 7199 7170 7164)
    1922        6    44225    99.7%          184      78795  (46153 44225 44061 44055)
    1785        6    28345    99.7%          184      78910  (30136 28345 28239 28233)
    1709        3    16725    99.8%          184      78976  (18437 16725 16661 16658)
    2536        3     1672    99.9%          184      78983  (4211 1672 1638 1635)
    1804        3    32595    99.8%          184      79112  (34402 32595 32474 32471)
    1866        5    32899    99.7%          184      79245  (34770 32899 32780 32775)
    1831        4    26938    99.8%          184      79354  (28773 26938 26835 26831)
    2593        0     3802   100.0%          184      79371  (6395 3802 3757 3757)
    1794        3    31306    99.8%          184      79494  (33103 31306 31190 31187)
    1868        7    35355    99.6%          184      79636  (37230 35355 35225 35218)
    1775        7    26366    99.6%          184      79744  (28148 26366 26269 26262)
    2583        0     3791   100.0%          184      79760  (6374 3791 3746 3747)
    1797        4    30788    99.8%          184      79880  (32589 30788 30675 30671)
    1887        7    36343    99.6%          184      80028  (38237 36343 36208 36201)
    1813        7    25043    99.6%          184      80129  (26863 25043 24950 24943)
    2582        1     4205   100.0%          185      80147  (6788 4205 4151 4150)
    1857        3    34640    99.8%          185      80281  (36500 34640 34511 34508)
    1867        7    34141    99.6%          185      80418  (36015 34141 34015 34008)
    1798        7    25732    99.6%          185      80525  (27537 25732 25635 25628)
    2518        0     1844   100.0%          185      80532  (4362 1844 1807 1820)
    1803        4    31300    99.8%          185      80652  (33107 31300 31185 31181)
    1871        7    35299    99.6%          185      80797  (37177 35299 35168 35161)
    1780       10    25501    99.4%          185      80902  (27291 25501 25410 25400)
    2618        0     2969   100.0%          185      80914  (5587 2969 2922 2926)
    1780        2    29775    99.9%          185      81031  (31557 29775 29665 29663)
    1908        6    37256    99.7%          185      81180  (39170 37256 37121 37115)
    1786        6    26980    99.7%          185      81292  (28772 26980 26879 26873)
    2592        0     2701   100.0%          185      81303  (5293 2701 2657 2660)
    1854        4    33368    99.8%          185      81434  (35226 33368 33245 33241)
    1818        7    34236    99.6%          185      81572  (36061 34236 34110 34103)
    1698        6    19210    99.6%          185      81650  (20914 19210 19140 19134)
    2620        0     8243   100.0%          185      81684  (10863 8243 8177 8178)
    1673        3    17967    99.8%          185      81753  (19643 17967 17903 17900)
    1887        5    36725    99.7%          185      81900  (38617 36725 36589 36584)
    1774        6    29049    99.7%          185      82016  (30829 29049 28940 28934)
    2688        1    13115   100.0%          185      82071  (15804 13115 13034 13033)
    1628        0    13603   100.0%          185      82123  (15231 13603 13552 13552)
    1920        9    43673    99.5%          185      82297  (45602 43673 43514 43505)
    1799        6    28533    99.7%          185      82413  (30338 28533 28426 28420)
    2745        0    10366   100.0%          185      82457  (13111 10366 10290 10293)
    1622        1    11805    99.9%          185      82503  (13428 11805 11762 11761)
    1903        8    39859    99.6%          185      82662  (41770 39859 39714 39706)
    1802        9    30899    99.5%          185      82781  (32710 30899 30786 30777)
    2712        1    15303   100.0%          185      82844  (18016 15303 15214 15213)
    1615        3    13342    99.8%          185      82895  (14960 13342 13295 13292)
    1936        4    45010    99.8%          185      83075  (46950 45010 44837 44833)
    1690        6    17793    99.6%          185      83144  (19489 17793 17728 17722)
   95891       44     7591   100.0%          185      83175  (103526 7591 7574 7530)
   82843        0       79   100.0%          185      83175  (82922 79 33 35)
    8932        0        3   100.0%          185      83175  (8935 3 0 2)
    1495        0        0   100.0%          185      83175  (1495 0 0 0)
    1495        0        0   100.0%          185      83175  (1495 0 0 0)
    1502        1        0    99.9%          185      83175  (1503 0 1 0)
    1494        0        5   100.0%          185      83175  (1499 5 2 5)
    1507        0        0   100.0%          185      83175  (1507 0 0 0)
    1482        0        0   100.0%          185      83175  (1482 0 0 0)
    1501        0        0   100.0%          185      83175  (1501 0 0 0)
    1498        0        0   100.0%          185      83175  (1498 0 0 0)
    1495        0        0   100.0%          185      83175  (1495 0 0 0)
    1523        0        2   100.0%          185      83175  (1525 2 2 2)
    1495        0        0   100.0%          185      83175  (1495 0 0 0)
    1495        0        0   100.0%          185      83175  (1495 0 0 0)
    1495        0        0   100.0%          185      83175  (1495 0 0 0)
    1495        0        0   100.0%          185      83175  (1495 0 0 0)
    1482        0        0   100.0%          185      83175  (1482 0 0 0)
    1506        0        0   100.0%          185      83175  (1506 0 0 0)

